[[[-143.92393494 -131.31719971 -111.69191742 ...,  -78.78536987
    -80.73983002  -68.12330627]
  [-138.17730713 -121.63248444 -109.51826477 ...,  -84.17269897
    -86.29299927  -74.98310852]
  [-130.52253723 -112.89321899 -108.76132965 ...,  -78.89712524
    -80.12734985  -69.96374512]
  ..., 
  [-109.43765259 -112.60077667 -109.22332001 ...,  -79.53231812
    -82.48644257  -76.91779327]
  [-103.91168213 -107.40691376 -104.2950058  ...,  -83.43807983
    -83.16954041  -79.74423981]
  [-101.19213867 -101.96940613  -92.71884918 ...,  -73.50171661
    -78.65383911  -68.92887878]]

 [[-154.85198975 -145.08592224 -134.34689331 ..., -113.66413879
   -112.68721771  -96.65544128]
  [-151.48460388 -136.2011261  -130.12930298 ..., -119.06590271
   -120.67465973 -106.99327087]
  [-146.92695618 -133.4287262  -132.79270935 ..., -115.80756378
   -116.51570129 -106.05064392]
  ..., 
  [-115.44718933 -121.95606995 -123.81562805 ..., -112.44137573
   -115.20787048 -109.13437653]
  [-113.49443054 -120.45941925 -121.8692627  ..., -112.40151978
   -112.15086365 -108.00959778]
  [-112.21479797 -116.07014465 -110.75209045 ...,  -99.35281372
   -106.37611389  -97.29950714]]

 [[-123.21339417 -119.89338684 -118.65224457 ..., -145.96105957
   -148.8992157  -131.61825562]
  [-119.66304779 -109.26742554 -112.49595642 ..., -147.59336853
   -155.55728149 -139.32073975]
  [-117.734375   -109.5848465  -115.40174103 ..., -135.02807617
   -139.72962952 -130.93554688]
  ..., 
  [-100.7175293  -107.28697968 -117.46364594 ..., -115.52134705
   -125.67893982 -125.85558319]
  [ -98.9462738  -106.21496582 -114.58918762 ..., -124.61737823
   -130.29324341 -128.01525879]
  [ -98.56580353 -103.99436951 -102.2728653  ..., -116.83507538
   -127.49162292 -118.63602448]]]